Sun 0 0 0 0 0 0 1,9885E+30
Mercury 7833268,439 44885949,37 2867693,201 -57,49674801 11,52095127 6,216953743 3,302E+23
Venus -28216773,94 103994008,5 3012326,643 -34,02367371 -8,965212747 1,840617353 4,8685E+24
Earth -148186906,9 -27823158,57 33746,8988 5,052515776 -29,39266876 0,001709743 5,97219E+24
Moon -148458048,4 -27524868,18 70233,64993 4,340326347 -30,04808342 -0,011610354 7,349E+22
Mars -159116303,4 189235671,6 7870476,085 -17,69544692 -13,46352534 0,152331928 6,4171E+23
Jupiter 692722875,9 258560760,8 -16570817,71 -4,714430599 12,8555097 0,052211813 1,89819E+27
Saturn 1253801724 -760453007,8 -36697431,16 4,467813413 8,239895405 -0,320745377 5,6834E+26
Titan 1254501625 -761340299,1 -36309613,84 8,995932295 11,10857136 -2,251309862 1,34553E+23
Neptune 4454487339 -397895128,8 -94464151,34 0,447991657 5,446106975 -0,122638125 1,02409E+26
Uranus 1958732436 2191808553 -17235283,83 -5,127662163 4,220553473 0,082119034 8,6813E+25
