814 498
812 498
810 498
808 498
806 498
804 497
802 497
800 496
798 495
797 494
795 493
794 492
792 490
791 489
790 488
789 486
788 485
787 483
786 482
786 480
785 478
785 477
784 475
784 473
784 472
784 470
784 469
784 467
785 465
785 464
786 463
786 461
787 460
787 458
788 457
789 456
790 455
791 454
792 453
793 452
794 451
795 450
796 449
797 448
798 448
800 447
801 446
802 446
804 446
805 445
806 445
808 445
809 445
811 445
812 445
813 445
815 445
816 445
818 446
819 446
821 447
822 447
823 448
825 449
826 450
827 451
828 452
829 453
830 454
831 455
832 457
833 458
834 460
835 461
835 463
836 464
836 466
837 468
837 470
837 472
837 473
837 475
837 477
836 479
836 481
835 483
834 485
833 486
832 488
831 490
829 491
828 492
826 494
824 495
822 496
820 497
818 497
816 498
