798 526
797 525
795 525
794 525
793 524
792 524
791 523
790 523
789 522
787 521
786 521
785 520
784 519
783 519
782 518
781 517
780 517
779 516
778 515
777 514
776 513
775 512
775 511
774 511
773 510
772 509
771 508
771 507
770 506
769 505
769 504
768 503
767 501
767 500
766 499
766 498
765 497
764 496
764 495
764 493
763 492
763 491
762 490
762 489
762 488
762 486
761 485
761 484
761 483
761 481
761 480
761 479
761 478
761 476
761 475
761 474
761 473
761 471
761 470
761 469
761 468
761 467
762 465
762 464
762 463
763 462
763 461
763 459
764 458
764 457
765 456
765 455
766 454
766 453
767 451
767 450
768 449
769 448
769 447
770 446
771 445
771 444
772 443
773 442
774 441
775 440
776 440
776 439
777 438
778 437
779 436
780 435
781 435
782 434
783 433
784 433
785 432
786 431
787 431
788 430
790 430
791 429
792 429
793 428
794 428
795 427
796 427
798 426
799 426
800 426
801 426
802 425
804 425
805 425
806 425
807 425
808 424
810 424
811 424
812 424
813 424
815 424
816 424
817 425
818 425
820 425
821 425
822 425
823 426
824 426
826 426
827 426
828 427
829 427
830 428
831 428
833 429
834 429
835 430
836 430
837 431
838 431
839 432
840 433
841 433
842 434
843 435
844 436
845 436
846 437
847 438
848 439
849 440
850 441
851 442
851 443
852 444
853 445
854 446
855 447
855 448
856 449
857 450
857 451
858 452
858 453
859 454
859 455
860 456
860 458
861 459
861 460
862 461
862 462
862 464
863 465
863 466
863 467
863 468
863 470
864 471
864 472
864 473
864 475
864 476
864 477
864 478
864 480
864 481
863 482
863 484
863 485
863 486
863 487
862 488
862 490
862 491
861 492
861 493
860 494
860 496
859 497
859 498
858 499
858 500
857 501
857 502
856 503
855 505
855 506
854 507
853 508
852 509
851 510
851 511
850 511
849 512
848 513
847 514
846 515
845 516
844 517
843 517
842 518
841 519
840 520
839 520
838 521
837 521
836 522
835 523
833 523
832 524
831 524
830 525
829 525
828 525
826 526
825 526
824 526
823 527
821 527
820 527
819 527
818 527
816 528
815 528
814 528
813 528
811 528
810 528
809 528
808 528
806 527
805 527
804 527
803 527
801 527
800 526
799 526